Scan results
[[-85.    35.82]
 [-80.    35.9 ]
 [-75.    49.61]
 [-70.    49.63]
 [-65.    49.63]
 [-60.    50.56]
 [-55.    51.43]
 [-50.    62.31]
 [ 50.    66.26]
 [ 55.    65.74]
 [ 60.    65.2 ]
 [ 65.    64.79]
 [ 70.    64.77]
 [ 75.    64.72]
 [ 80.    64.83]
 [ 85.    64.81]
 [ 90.    64.83]]
 
Full path deque([(15, 0), (14, 0), (13, 0), (13, 1), (13, 2), (12, 2), (12, 3), (12, 4), (12, 5), (12, 6), (11, 6), (10, 6), (9, 6), (8, 6), (7, 6), (6, 6), (5, 6), (4, 6), (3, 6), (2, 6), (1, 6), (0, 6), (0, 7), (0, 8), (0, 9), (0, 10)])
None 270 (-1, 0)
deque([(270, 20), (0, 20), (270, 10), (0, 40), (270, 120), (0, 40)])
directions:  (270, 20)
new car orientation 270
curr position (13, -1)
directions:  (0, 20)
new car orientation 0
curr position (13, 1)
directions:  (270, 10)
new car orientation 270
curr position (12, 0)
Scan results
[[-90.   121.71]
 [-85.   122.23]
 [-80.   122.25]
 [-75.   122.28]
 [-70.   122.8 ]
 [-65.   123.28]
 [-60.   124.2 ]
 [-45.    20.01]
 [-40.    19.26]
 [-35.    17.5 ]
 [-30.    17.85]
 [-25.    17.44]
 [-20.    17.31]
 [-15.    17.37]
 [-10.    17.8 ]
 [ -5.    18.74]
 [  0.    61.1 ]
 [  5.    61.86]
 [ 10.    66.45]
 [ 15.    66.01]
 [ 20.    65.13]
 [ 25.    40.86]
 [ 30.    40.38]
 [ 35.    64.06]
 [ 40.    63.53]
 [ 45.    39.93]
 [ 50.    39.89]
 [ 55.    65.33]
 [ 60.   112.39]
 [ 65.   114.15]
 [ 70.    71.4 ]
 [ 75.    70.44]
 [ 80.    68.63]
 [ 85.    66.49]
 [ 90.    66.01]]
 
Full path deque([(12, 0), (13, 0), (13, 1), (13, 2), (13, 3), (13, 4), (13, 5), (13, 6), (13, 7), (13, 8), (12, 8), (11, 8), (10, 8), (9, 8), (8, 8), (7, 8), (6, 8), (5, 8), (4, 8), (3, 8), (2, 8), (1, 8), (0, 8), (0, 9), (0, 10)])
None 90 (1, 0)
deque([(90, 10), (0, 80), (270, 130), (0, 20)])
directions:  (90, 10)
Detected  person 0.62109375
new car orientation 90
curr position (13, 0)
directions:  (0, 80)
new car orientation 0
curr position (13, 8)
directions:  (270, 130)
new car orientation 270
curr position (0, 7)
directions:  (0, 20)
new car orientation 0
curr position (0, 7)
